Initializing GLUTWindow
=============
mat4x4((0.100000, 0.000000, 0.000000, 0.000000), (0.000000, 0.100000, 0.000000, 0.000000), (0.000000, 0.000000, 0.100000, 0.000000), (1.500000, 0.000000, -15.000000, 1.000000))
=============
mat4x4((0.100000, 0.000000, 0.000000, 0.000000), (0.000000, 0.100000, 0.000000, 0.000000), (0.000000, 0.000000, 0.100000, 0.000000), (-1.500000, 0.000000, -10.000000, 1.000000))
Assigning Callback functions
Starting Application
VP mat4x4((0.974279, 0.000000, 0.000000, 0.000000), (0.000000, 1.732051, 0.000000, 0.000000), (0.000000, 0.000000, -1.002002, -1.000000), (0.000000, 0.000000, -0.200200, 0.000000))
FPS:   3.95
VP mat4x4((0.974279, 0.000000, 0.000000, 0.000000), (0.000000, 1.732051, 0.000000, 0.000000), (0.000000, 0.000000, -1.002002, -1.000000), (0.000000, 0.000000, -0.200200, 0.000000))
FPS: 121.37
VP mat4x4((0.974279, 0.000000, 0.000000, 0.000000), (0.000000, 1.732051, 0.000000, 0.000000), (0.000000, 0.000000, -1.002002, -1.000000), (0.000000, 0.000000, -0.200200, 0.000000))
FPS:  51.56
VP mat4x4((0.974279, 0.000000, 0.000000, 0.000000), (0.000000, 1.732051, 0.000000, 0.000000), (0.000000, 0.000000, -1.002002, -1.000000), (0.000000, 0.000000, -0.200200, 0.000000))
FPS:  67.32
VP mat4x4((0.974279, 0.000000, 0.000000, 0.000000), (0.000000, 1.732051, 0.000000, 0.000000), (0.000000, 0.000000, -1.002002, -1.000000), (0.000000, 0.000000, -0.200200, 0.000000))
FPS:  80.69
VP mat4x4((0.974279, 0.000000, 0.000000, 0.000000), (0.000000, 1.732051, 0.000000, 0.000000), (0.000000, 0.000000, -1.002002, -1.000000), (0.000000, 0.000000, -0.200200, 0.000000))
FPS:  42.24
VP mat4x4((0.974279, 0.000000, 0.000000, 0.000000), (0.000000, 1.732051, 0.000000, 0.000000), (0.000000, 0.000000, -1.002002, -1.000000), (0.000000, 0.000000, -0.200200, 0.000000))
FPS:  90.88
VP mat4x4((0.974279, 0.000000, 0.000000, 0.000000), (0.000000, 1.732051, 0.000000, 0.000000), (0.000000, 0.000000, -1.002002, -1.000000), (0.000000, 0.000000, -0.200200, 0.000000))
FPS:  53.59
VP mat4x4((0.974279, 0.000000, 0.000000, 0.000000), (0.000000, 1.732051, 0.000000, 0.000000), (0.000000, 0.000000, -1.002002, -1.000000), (0.000000, 0.000000, -0.200200, 0.000000))
FPS:  67.40
VP mat4x4((0.974279, 0.000000, 0.000000, 0.000000), (0.000000, 1.732051, 0.000000, 0.000000), (0.000000, 0.000000, -1.002002, -1.000000), (0.000000, 0.000000, -0.200200, 0.000000))
FPS:  46.47
VP mat4x4((0.974279, 0.000000, 0.000000, 0.000000), (0.000000, 1.732051, 0.000000, 0.000000), (0.000000, 0.000000, -1.002002, -1.000000), (0.000000, 0.000000, -0.200200, 0.000000))
FPS:  72.12
VP mat4x4((0.974279, 0.000000, 0.000000, 0.000000), (0.000000, 1.732051, 0.000000, 0.000000), (0.000000, 0.000000, -1.002002, -1.000000), (0.000000, 0.000000, -0.200200, 0.000000))
FPS:  62.03
VP mat4x4((0.974279, 0.000000, 0.000000, 0.000000), (0.000000, 1.732051, 0.000000, 0.000000), (0.000000, 0.000000, -1.002002, -1.000000), (0.000000, 0.000000, -0.200200, 0.000000))
FPS:  65.44
VP mat4x4((0.974279, 0.000000, 0.000000, 0.000000), (0.000000, 1.732051, 0.000000, 0.000000), (0.000000, 0.000000, -1.002002, -1.000000), (0.000000, 0.000000, -0.200200, 0.000000))
FPS:  48.04
VP mat4x4((0.974279, 0.000000, 0.000000, 0.000000), (0.000000, 1.732051, 0.000000, 0.000000), (0.000000, 0.000000, -1.002002, -1.000000), (0.000000, 0.000000, -0.200200, 0.000000))
FPS:  70.67
VP mat4x4((0.974279, 0.000000, 0.000000, 0.000000), (0.000000, 1.732051, 0.000000, 0.000000), (0.000000, 0.000000, -1.002002, -1.000000), (0.000000, 0.000000, -0.200200, 0.000000))
FPS:  60.19
VP mat4x4((0.974279, 0.000000, 0.000000, 0.000000), (0.000000, 1.732051, 0.000000, 0.000000), (0.000000, 0.000000, -1.002002, -1.000000), (0.000000, 0.000000, -0.200200, 0.000000))
FPS:  67.06
VP mat4x4((0.974279, 0.000000, 0.000000, 0.000000), (0.000000, 1.732051, 0.000000, 0.000000), (0.000000, 0.000000, -1.002002, -1.000000), (0.000000, 0.000000, -0.200200, 0.000000))
FPS:  48.51
VP mat4x4((0.974279, 0.000000, 0.000000, 0.000000), (0.000000, 1.732051, 0.000000, 0.000000), (0.000000, 0.000000, -1.002002, -1.000000), (0.000000, 0.000000, -0.200200, 0.000000))
FPS:  61.73
VP mat4x4((0.974279, 0.000000, 0.000000, 0.000000), (0.000000, 1.732051, 0.000000, 0.000000), (0.000000, 0.000000, -1.002002, -1.000000), (0.000000, 0.000000, -0.200200, 0.000000))
FPS:  70.46
VP mat4x4((0.974279, 0.000000, 0.000000, 0.000000), (0.000000, 1.732051, 0.000000, 0.000000), (0.000000, 0.000000, -1.002002, -1.000000), (0.000000, 0.000000, -0.200200, 0.000000))
FPS:  68.58
VP mat4x4((0.974279, 0.000000, 0.000000, 0.000000), (0.000000, 1.732051, 0.000000, 0.000000), (0.000000, 0.000000, -1.002002, -1.000000), (0.000000, 0.000000, -0.200200, 0.000000))
FPS:  45.26
VP mat4x4((0.974279, 0.000000, 0.000000, 0.000000), (0.000000, 1.732051, 0.000000, 0.000000), (0.000000, 0.000000, -1.002002, -1.000000), (0.000000, 0.000000, -0.200200, 0.000000))
FPS:  59.94
VP mat4x4((0.974279, 0.000000, 0.000000, 0.000000), (0.000000, 1.732051, 0.000000, 0.000000), (0.000000, 0.000000, -1.002002, -1.000000), (0.000000, 0.000000, -0.200200, 0.000000))
FPS:  79.31
VP mat4x4((0.974279, 0.000000, 0.000000, 0.000000), (0.000000, 1.732051, 0.000000, 0.000000), (0.000000, 0.000000, -1.002002, -1.000000), (0.000000, 0.000000, -0.200200, 0.000000))
FPS:  68.56
VP mat4x4((0.974279, 0.000000, 0.000000, 0.000000), (0.000000, 1.732051, 0.000000, 0.000000), (0.000000, 0.000000, -1.002002, -1.000000), (0.000000, 0.000000, -0.200200, 0.000000))
FPS:  41.90
VP mat4x4((0.974279, 0.000000, 0.000000, 0.000000), (0.000000, 1.732051, 0.000000, 0.000000), (0.000000, 0.000000, -1.002002, -1.000000), (0.000000, 0.000000, -0.200200, 0.000000))
FPS:  50.10
VP mat4x4((0.974279, 0.000000, 0.000000, 0.000000), (0.000000, 1.732051, 0.000000, 0.000000), (0.000000, 0.000000, -1.002002, -1.000000), (0.000000, 0.000000, -0.200200, 0.000000))
FPS: 155.21
VP mat4x4((0.974279, 0.000000, 0.000000, 0.000000), (0.000000, 1.732051, 0.000000, 0.000000), (0.000000, 0.000000, -1.002002, -1.000000), (0.000000, 0.000000, -0.200200, 0.000000))
FPS:  58.49
VP mat4x4((0.974279, 0.000000, 0.000000, 0.000000), (0.000000, 1.732051, 0.000000, 0.000000), (0.000000, 0.000000, -1.002002, -1.000000), (0.000000, 0.000000, -0.200200, 0.000000))
FPS:  45.32
VP mat4x4((0.974279, 0.000000, 0.000000, 0.000000), (0.000000, 1.732051, 0.000000, 0.000000), (0.000000, 0.000000, -1.002002, -1.000000), (0.000000, 0.000000, -0.200200, 0.000000))
FPS:  51.03
VP mat4x4((0.974279, 0.000000, 0.000000, 0.000000), (0.000000, 1.732051, 0.000000, 0.000000), (0.000000, 0.000000, -1.002002, -1.000000), (0.000000, 0.000000, -0.200200, 0.000000))
FPS: 122.16
VP mat4x4((0.974279, 0.000000, 0.000000, 0.000000), (0.000000, 1.732051, 0.000000, 0.000000), (0.000000, 0.000000, -1.002002, -1.000000), (0.000000, 0.000000, -0.200200, 0.000000))
FPS:  60.88
VP mat4x4((0.974279, 0.000000, 0.000000, 0.000000), (0.000000, 1.732051, 0.000000, 0.000000), (0.000000, 0.000000, -1.002002, -1.000000), (0.000000, 0.000000, -0.200200, 0.000000))
FPS:  43.89
VP mat4x4((0.974279, 0.000000, 0.000000, 0.000000), (0.000000, 1.732051, 0.000000, 0.000000), (0.000000, 0.000000, -1.002002, -1.000000), (0.000000, 0.000000, -0.200200, 0.000000))
FPS:  55.24
VP mat4x4((0.974279, 0.000000, 0.000000, 0.000000), (0.000000, 1.732051, 0.000000, 0.000000), (0.000000, 0.000000, -1.002002, -1.000000), (0.000000, 0.000000, -0.200200, 0.000000))
FPS: 109.73
VP mat4x4((0.974279, 0.000000, 0.000000, 0.000000), (0.000000, 1.732051, 0.000000, 0.000000), (0.000000, 0.000000, -1.002002, -1.000000), (0.000000, 0.000000, -0.200200, 0.000000))
FPS:  61.01
VP mat4x4((0.974279, 0.000000, 0.000000, 0.000000), (0.000000, 1.732051, 0.000000, 0.000000), (0.000000, 0.000000, -1.002002, -1.000000), (0.000000, 0.000000, -0.200200, 0.000000))
FPS:  41.45
VP mat4x4((0.974279, 0.000000, 0.000000, 0.000000), (0.000000, 1.732051, 0.000000, 0.000000), (0.000000, 0.000000, -1.002002, -1.000000), (0.000000, 0.000000, -0.200200, 0.000000))
FPS:  57.15
VP mat4x4((0.974279, 0.000000, 0.000000, 0.000000), (0.000000, 1.732051, 0.000000, 0.000000), (0.000000, 0.000000, -1.002002, -1.000000), (0.000000, 0.000000, -0.200200, 0.000000))
FPS: 119.32
VP mat4x4((0.974279, 0.000000, 0.000000, 0.000000), (0.000000, 1.732051, 0.000000, 0.000000), (0.000000, 0.000000, -1.002002, -1.000000), (0.000000, 0.000000, -0.200200, 0.000000))
FPS:  60.33
VP mat4x4((0.974279, 0.000000, 0.000000, 0.000000), (0.000000, 1.732051, 0.000000, 0.000000), (0.000000, 0.000000, -1.002002, -1.000000), (0.000000, 0.000000, -0.200200, 0.000000))
FPS:  40.00
VP mat4x4((0.974279, 0.000000, 0.000000, 0.000000), (0.000000, 1.732051, 0.000000, 0.000000), (0.000000, 0.000000, -1.002002, -1.000000), (0.000000, 0.000000, -0.200200, 0.000000))
FPS:  61.27
VP mat4x4((0.974279, 0.000000, 0.000000, 0.000000), (0.000000, 1.732051, 0.000000, 0.000000), (0.000000, 0.000000, -1.002002, -1.000000), (0.000000, 0.000000, -0.200200, 0.000000))
FPS: 108.09
VP mat4x4((0.974279, 0.000000, 0.000000, 0.000000), (0.000000, 1.732051, 0.000000, 0.000000), (0.000000, 0.000000, -1.002002, -1.000000), (0.000000, 0.000000, -0.200200, 0.000000))
FPS:  51.59
VP mat4x4((0.974279, 0.000000, 0.000000, 0.000000), (0.000000, 1.732051, 0.000000, 0.000000), (0.000000, 0.000000, -1.002002, -1.000000), (0.000000, 0.000000, -0.200200, 0.000000))
FPS:  58.57
VP mat4x4((0.974279, 0.000000, 0.000000, 0.000000), (0.000000, 1.732051, 0.000000, 0.000000), (0.000000, 0.000000, -1.002002, -1.000000), (0.000000, 0.000000, -0.200200, 0.000000))
FPS:  51.82
VP mat4x4((0.974279, 0.000000, 0.000000, 0.000000), (0.000000, 1.732051, 0.000000, 0.000000), (0.000000, 0.000000, -1.002002, -1.000000), (0.000000, 0.000000, -0.200200, 0.000000))
FPS:  77.92
VP mat4x4((0.974279, 0.000000, 0.000000, 0.000000), (0.000000, 1.732051, 0.000000, 0.000000), (0.000000, 0.000000, -1.002002, -1.000000), (0.000000, 0.000000, -0.200200, 0.000000))
FPS:  56.15
VP mat4x4((0.974279, 0.000000, 0.000000, 0.000000), (0.000000, 1.732051, 0.000000, 0.000000), (0.000000, 0.000000, -1.002002, -1.000000), (0.000000, 0.000000, -0.200200, 0.000000))
FPS:  71.21
VP mat4x4((0.974279, 0.000000, 0.000000, 0.000000), (0.000000, 1.732051, 0.000000, 0.000000), (0.000000, 0.000000, -1.002002, -1.000000), (0.000000, 0.000000, -0.200200, 0.000000))
FPS:  42.70
VP mat4x4((0.974279, 0.000000, 0.000000, 0.000000), (0.000000, 1.732051, 0.000000, 0.000000), (0.000000, 0.000000, -1.002002, -1.000000), (0.000000, 0.000000, -0.200200, 0.000000))
FPS:  81.86
VP mat4x4((0.974279, 0.000000, 0.000000, 0.000000), (0.000000, 1.732051, 0.000000, 0.000000), (0.000000, 0.000000, -1.002002, -1.000000), (0.000000, 0.000000, -0.200200, 0.000000))
FPS:  57.33
VP mat4x4((0.974279, 0.000000, 0.000000, 0.000000), (0.000000, 1.732051, 0.000000, 0.000000), (0.000000, 0.000000, -1.002002, -1.000000), (0.000000, 0.000000, -0.200200, 0.000000))
FPS:  76.86
VP mat4x4((0.974279, 0.000000, 0.000000, 0.000000), (0.000000, 1.732051, 0.000000, 0.000000), (0.000000, 0.000000, -1.002002, -1.000000), (0.000000, 0.000000, -0.200200, 0.000000))
FPS:  44.40
VP mat4x4((0.974279, 0.000000, 0.000000, 0.000000), (0.000000, 1.732051, 0.000000, 0.000000), (0.000000, 0.000000, -1.002002, -1.000000), (0.000000, 0.000000, -0.200200, 0.000000))
FPS:  72.94
VP mat4x4((0.974279, 0.000000, 0.000000, 0.000000), (0.000000, 1.732051, 0.000000, 0.000000), (0.000000, 0.000000, -1.002002, -1.000000), (0.000000, 0.000000, -0.200200, 0.000000))
FPS:  58.06
VP mat4x4((0.974279, 0.000000, 0.000000, 0.000000), (0.000000, 1.732051, 0.000000, 0.000000), (0.000000, 0.000000, -1.002002, -1.000000), (0.000000, 0.000000, -0.200200, 0.000000))
FPS:  81.31
VP mat4x4((0.974279, 0.000000, 0.000000, 0.000000), (0.000000, 1.732051, 0.000000, 0.000000), (0.000000, 0.000000, -1.002002, -1.000000), (0.000000, 0.000000, -0.200200, 0.000000))
FPS:  47.44
VP mat4x4((0.974279, 0.000000, 0.000000, 0.000000), (0.000000, 1.732051, 0.000000, 0.000000), (0.000000, 0.000000, -1.002002, -1.000000), (0.000000, 0.000000, -0.200200, 0.000000))
FPS:  45.42
VP mat4x4((0.974279, 0.000000, 0.000000, 0.000000), (0.000000, 1.732051, 0.000000, 0.000000), (0.000000, 0.000000, -1.002002, -1.000000), (0.000000, 0.000000, -0.200200, 0.000000))
FPS:  86.99
VP mat4x4((0.974279, 0.000000, 0.000000, 0.000000), (0.000000, 1.732051, 0.000000, 0.000000), (0.000000, 0.000000, -1.002002, -1.000000), (0.000000, 0.000000, -0.200200, 0.000000))
FPS:  77.33
VP mat4x4((0.974279, 0.000000, 0.000000, 0.000000), (0.000000, 1.732051, 0.000000, 0.000000), (0.000000, 0.000000, -1.002002, -1.000000), (0.000000, 0.000000, -0.200200, 0.000000))
FPS:  43.62
VP mat4x4((0.974279, 0.000000, 0.000000, 0.000000), (0.000000, 1.732051, 0.000000, 0.000000), (0.000000, 0.000000, -1.002002, -1.000000), (0.000000, 0.000000, -0.200200, 0.000000))
FPS:  77.69
VP mat4x4((0.974279, 0.000000, 0.000000, 0.000000), (0.000000, 1.732051, 0.000000, 0.000000), (0.000000, 0.000000, -1.002002, -1.000000), (0.000000, 0.000000, -0.200200, 0.000000))
FPS:  54.98
VP mat4x4((0.974279, 0.000000, 0.000000, 0.000000), (0.000000, 1.732051, 0.000000, 0.000000), (0.000000, 0.000000, -1.002002, -1.000000), (0.000000, 0.000000, -0.200200, 0.000000))
FPS:  65.74
VP mat4x4((0.974279, 0.000000, 0.000000, 0.000000), (0.000000, 1.732051, 0.000000, 0.000000), (0.000000, 0.000000, -1.002002, -1.000000), (0.000000, 0.000000, -0.200200, 0.000000))
FPS:  49.24
VP mat4x4((0.974279, 0.000000, 0.000000, 0.000000), (0.000000, 1.732051, 0.000000, 0.000000), (0.000000, 0.000000, -1.002002, -1.000000), (0.000000, 0.000000, -0.200200, 0.000000))
FPS:  84.43
VP mat4x4((0.974279, 0.000000, 0.000000, 0.000000), (0.000000, 1.732051, 0.000000, 0.000000), (0.000000, 0.000000, -1.002002, -1.000000), (0.000000, 0.000000, -0.200200, 0.000000))
FPS:  50.33
VP mat4x4((0.974279, 0.000000, 0.000000, 0.000000), (0.000000, 1.732051, 0.000000, 0.000000), (0.000000, 0.000000, -1.002002, -1.000000), (0.000000, 0.000000, -0.200200, 0.000000))
FPS:  74.57
VP mat4x4((0.974279, 0.000000, 0.000000, 0.000000), (0.000000, 1.732051, 0.000000, 0.000000), (0.000000, 0.000000, -1.002002, -1.000000), (0.000000, 0.000000, -0.200200, 0.000000))
FPS:  47.17
VP mat4x4((0.974279, 0.000000, 0.000000, 0.000000), (0.000000, 1.732051, 0.000000, 0.000000), (0.000000, 0.000000, -1.002002, -1.000000), (0.000000, 0.000000, -0.200200, 0.000000))
FPS:  69.77
VP mat4x4((0.974279, 0.000000, 0.000000, 0.000000), (0.000000, 1.732051, 0.000000, 0.000000), (0.000000, 0.000000, -1.002002, -1.000000), (0.000000, 0.000000, -0.200200, 0.000000))
FPS:  57.94
VP mat4x4((0.974279, 0.000000, 0.000000, 0.000000), (0.000000, 1.732051, 0.000000, 0.000000), (0.000000, 0.000000, -1.002002, -1.000000), (0.000000, 0.000000, -0.200200, 0.000000))
FPS:  72.50
VP mat4x4((0.974279, 0.000000, 0.000000, 0.000000), (0.000000, 1.732051, 0.000000, 0.000000), (0.000000, 0.000000, -1.002002, -1.000000), (0.000000, 0.000000, -0.200200, 0.000000))
FPS:  48.30
VP mat4x4((0.974279, 0.000000, 0.000000, 0.000000), (0.000000, 1.732051, 0.000000, 0.000000), (0.000000, 0.000000, -1.002002, -1.000000), (0.000000, 0.000000, -0.200200, 0.000000))
FPS:  70.32
VP mat4x4((0.974279, 0.000000, 0.000000, 0.000000), (0.000000, 1.732051, 0.000000, 0.000000), (0.000000, 0.000000, -1.002002, -1.000000), (0.000000, 0.000000, -0.200200, 0.000000))
FPS:  55.37
VP mat4x4((0.974279, 0.000000, 0.000000, 0.000000), (0.000000, 1.732051, 0.000000, 0.000000), (0.000000, 0.000000, -1.002002, -1.000000), (0.000000, 0.000000, -0.200200, 0.000000))
FPS:  70.70
VP mat4x4((0.974279, 0.000000, 0.000000, 0.000000), (0.000000, 1.732051, 0.000000, 0.000000), (0.000000, 0.000000, -1.002002, -1.000000), (0.000000, 0.000000, -0.200200, 0.000000))
FPS:  48.70
VP mat4x4((0.974279, 0.000000, 0.000000, 0.000000), (0.000000, 1.732051, 0.000000, 0.000000), (0.000000, 0.000000, -1.002002, -1.000000), (0.000000, 0.000000, -0.200200, 0.000000))
FPS:  69.75
VP mat4x4((0.974279, 0.000000, 0.000000, 0.000000), (0.000000, 1.732051, 0.000000, 0.000000), (0.000000, 0.000000, -1.002002, -1.000000), (0.000000, 0.000000, -0.200200, 0.000000))
FPS:  58.39
VP mat4x4((0.974279, 0.000000, 0.000000, 0.000000), (0.000000, 1.732051, 0.000000, 0.000000), (0.000000, 0.000000, -1.002002, -1.000000), (0.000000, 0.000000, -0.200200, 0.000000))
FPS:  66.85
VP mat4x4((0.974279, 0.000000, 0.000000, 0.000000), (0.000000, 1.732051, 0.000000, 0.000000), (0.000000, 0.000000, -1.002002, -1.000000), (0.000000, 0.000000, -0.200200, 0.000000))
FPS:  53.90
VP mat4x4((0.974279, 0.000000, 0.000000, 0.000000), (0.000000, 1.732051, 0.000000, 0.000000), (0.000000, 0.000000, -1.002002, -1.000000), (0.000000, 0.000000, -0.200200, 0.000000))
FPS:  56.16
VP mat4x4((0.974279, 0.000000, 0.000000, 0.000000), (0.000000, 1.732051, 0.000000, 0.000000), (0.000000, 0.000000, -1.002002, -1.000000), (0.000000, 0.000000, -0.200200, 0.000000))
FPS:  66.31
VP mat4x4((0.974279, 0.000000, 0.000000, 0.000000), (0.000000, 1.732051, 0.000000, 0.000000), (0.000000, 0.000000, -1.002002, -1.000000), (0.000000, 0.000000, -0.200200, 0.000000))
FPS:  73.57
VP mat4x4((0.974279, 0.000000, 0.000000, 0.000000), (0.000000, 1.732051, 0.000000, 0.000000), (0.000000, 0.000000, -1.002002, -1.000000), (0.000000, 0.000000, -0.200200, 0.000000))
FPS:  46.23
VP mat4x4((0.974279, 0.000000, 0.000000, 0.000000), (0.000000, 1.732051, 0.000000, 0.000000), (0.000000, 0.000000, -1.002002, -1.000000), (0.000000, 0.000000, -0.200200, 0.000000))
FPS:  59.64
VP mat4x4((0.974279, 0.000000, 0.000000, 0.000000), (0.000000, 1.732051, 0.000000, 0.000000), (0.000000, 0.000000, -1.002002, -1.000000), (0.000000, 0.000000, -0.200200, 0.000000))
FPS:  68.27
VP mat4x4((0.974279, 0.000000, 0.000000, 0.000000), (0.000000, 1.732051, 0.000000, 0.000000), (0.000000, 0.000000, -1.002002, -1.000000), (0.000000, 0.000000, -0.200200, 0.000000))
FPS:  75.82
VP mat4x4((0.974279, 0.000000, 0.000000, 0.000000), (0.000000, 1.732051, 0.000000, 0.000000), (0.000000, 0.000000, -1.002002, -1.000000), (0.000000, 0.000000, -0.200200, 0.000000))
FPS:  45.34
VP mat4x4((0.974279, 0.000000, 0.000000, 0.000000), (0.000000, 1.732051, 0.000000, 0.000000), (0.000000, 0.000000, -1.002002, -1.000000), (0.000000, 0.000000, -0.200200, 0.000000))
FPS:  57.51
VP mat4x4((0.974279, 0.000000, 0.000000, 0.000000), (0.000000, 1.732051, 0.000000, 0.000000), (0.000000, 0.000000, -1.002002, -1.000000), (0.000000, 0.000000, -0.200200, 0.000000))
FPS:  74.27
VP mat4x4((0.974279, 0.000000, 0.000000, 0.000000), (0.000000, 1.732051, 0.000000, 0.000000), (0.000000, 0.000000, -1.002002, -1.000000), (0.000000, 0.000000, -0.200200, 0.000000))
FPS:  70.03
VP mat4x4((0.974279, 0.000000, 0.000000, 0.000000), (0.000000, 1.732051, 0.000000, 0.000000), (0.000000, 0.000000, -1.002002, -1.000000), (0.000000, 0.000000, -0.200200, 0.000000))
FPS:  46.52
VP mat4x4((0.974279, 0.000000, 0.000000, 0.000000), (0.000000, 1.732051, 0.000000, 0.000000), (0.000000, 0.000000, -1.002002, -1.000000), (0.000000, 0.000000, -0.200200, 0.000000))
FPS:  63.05
VP mat4x4((0.974279, 0.000000, 0.000000, 0.000000), (0.000000, 1.732051, 0.000000, 0.000000), (0.000000, 0.000000, -1.002002, -1.000000), (0.000000, 0.000000, -0.200200, 0.000000))
FPS:  68.92
VP mat4x4((0.974279, 0.000000, 0.000000, 0.000000), (0.000000, 1.732051, 0.000000, 0.000000), (0.000000, 0.000000, -1.002002, -1.000000), (0.000000, 0.000000, -0.200200, 0.000000))
FPS:  57.24
VP mat4x4((0.974279, 0.000000, 0.000000, 0.000000), (0.000000, 1.732051, 0.000000, 0.000000), (0.000000, 0.000000, -1.002002, -1.000000), (0.000000, 0.000000, -0.200200, 0.000000))
FPS:  54.55
VP mat4x4((0.974279, 0.000000, 0.000000, 0.000000), (0.000000, 1.732051, 0.000000, 0.000000), (0.000000, 0.000000, -1.002002, -1.000000), (0.000000, 0.000000, -0.200200, 0.000000))
FPS:  72.96
VP mat4x4((0.974279, 0.000000, 0.000000, 0.000000), (0.000000, 1.732051, 0.000000, 0.000000), (0.000000, 0.000000, -1.002002, -1.000000), (0.000000, 0.000000, -0.200200, 0.000000))
FPS:  52.37
VP mat4x4((0.974279, 0.000000, 0.000000, 0.000000), (0.000000, 1.732051, 0.000000, 0.000000), (0.000000, 0.000000, -1.002002, -1.000000), (0.000000, 0.000000, -0.200200, 0.000000))
FPS:  60.46
VP mat4x4((0.974279, 0.000000, 0.000000, 0.000000), (0.000000, 1.732051, 0.000000, 0.000000), (0.000000, 0.000000, -1.002002, -1.000000), (0.000000, 0.000000, -0.200200, 0.000000))
FPS:  62.60
VP mat4x4((0.974279, 0.000000, 0.000000, 0.000000), (0.000000, 1.732051, 0.000000, 0.000000), (0.000000, 0.000000, -1.002002, -1.000000), (0.000000, 0.000000, -0.200200, 0.000000))
FPS:  64.90
VP mat4x4((0.974279, 0.000000, 0.000000, 0.000000), (0.000000, 1.732051, 0.000000, 0.000000), (0.000000, 0.000000, -1.002002, -1.000000), (0.000000, 0.000000, -0.200200, 0.000000))
FPS:  52.22
VP mat4x4((0.974279, 0.000000, 0.000000, 0.000000), (0.000000, 1.732051, 0.000000, 0.000000), (0.000000, 0.000000, -1.002002, -1.000000), (0.000000, 0.000000, -0.200200, 0.000000))
FPS:  65.43
VP mat4x4((0.974279, 0.000000, 0.000000, 0.000000), (0.000000, 1.732051, 0.000000, 0.000000), (0.000000, 0.000000, -1.002002, -1.000000), (0.000000, 0.000000, -0.200200, 0.000000))
FPS:  56.65
VP mat4x4((0.974279, 0.000000, 0.000000, 0.000000), (0.000000, 1.732051, 0.000000, 0.000000), (0.000000, 0.000000, -1.002002, -1.000000), (0.000000, 0.000000, -0.200200, 0.000000))
FPS:  64.99
VP mat4x4((0.974279, 0.000000, 0.000000, 0.000000), (0.000000, 1.732051, 0.000000, 0.000000), (0.000000, 0.000000, -1.002002, -1.000000), (0.000000, 0.000000, -0.200200, 0.000000))
FPS:  55.85
VP mat4x4((0.974279, 0.000000, 0.000000, 0.000000), (0.000000, 1.732051, 0.000000, 0.000000), (0.000000, 0.000000, -1.002002, -1.000000), (0.000000, 0.000000, -0.200200, 0.000000))
FPS:  60.71
VP mat4x4((0.974279, 0.000000, 0.000000, 0.000000), (0.000000, 1.732051, 0.000000, 0.000000), (0.000000, 0.000000, -1.002002, -1.000000), (0.000000, 0.000000, -0.200200, 0.000000))
FPS:  61.85
VP mat4x4((0.974279, 0.000000, 0.000000, 0.000000), (0.000000, 1.732051, 0.000000, 0.000000), (0.000000, 0.000000, -1.002002, -1.000000), (0.000000, 0.000000, -0.200200, 0.000000))
FPS:  67.16
VP mat4x4((0.974279, 0.000000, 0.000000, 0.000000), (0.000000, 1.732051, 0.000000, 0.000000), (0.000000, 0.000000, -1.002002, -1.000000), (0.000000, 0.000000, -0.200200, 0.000000))
FPS:  46.82
VP mat4x4((0.974279, 0.000000, 0.000000, 0.000000), (0.000000, 1.732051, 0.000000, 0.000000), (0.000000, 0.000000, -1.002002, -1.000000), (0.000000, 0.000000, -0.200200, 0.000000))
FPS:  63.48
VP mat4x4((0.974279, 0.000000, 0.000000, 0.000000), (0.000000, 1.732051, 0.000000, 0.000000), (0.000000, 0.000000, -1.002002, -1.000000), (0.000000, 0.000000, -0.200200, 0.000000))
FPS:  72.14
VP mat4x4((0.974279, 0.000000, 0.000000, 0.000000), (0.000000, 1.732051, 0.000000, 0.000000), (0.000000, 0.000000, -1.002002, -1.000000), (0.000000, 0.000000, -0.200200, 0.000000))
FPS:  67.54
VP mat4x4((0.974279, 0.000000, 0.000000, 0.000000), (0.000000, 1.732051, 0.000000, 0.000000), (0.000000, 0.000000, -1.002002, -1.000000), (0.000000, 0.000000, -0.200200, 0.000000))
FPS:  48.16
VP mat4x4((0.974279, 0.000000, 0.000000, 0.000000), (0.000000, 1.732051, 0.000000, 0.000000), (0.000000, 0.000000, -1.002002, -1.000000), (0.000000, 0.000000, -0.200200, 0.000000))
FPS:  58.87
VP mat4x4((0.974279, 0.000000, 0.000000, 0.000000), (0.000000, 1.732051, 0.000000, 0.000000), (0.000000, 0.000000, -1.002002, -1.000000), (0.000000, 0.000000, -0.200200, 0.000000))
FPS:  64.30
VP mat4x4((0.974279, 0.000000, 0.000000, 0.000000), (0.000000, 1.732051, 0.000000, 0.000000), (0.000000, 0.000000, -1.002002, -1.000000), (0.000000, 0.000000, -0.200200, 0.000000))
FPS:  75.07
VP mat4x4((0.974279, 0.000000, 0.000000, 0.000000), (0.000000, 1.732051, 0.000000, 0.000000), (0.000000, 0.000000, -1.002002, -1.000000), (0.000000, 0.000000, -0.200200, 0.000000))
FPS:  46.05
VP mat4x4((0.974279, 0.000000, 0.000000, 0.000000), (0.000000, 1.732051, 0.000000, 0.000000), (0.000000, 0.000000, -1.002002, -1.000000), (0.000000, 0.000000, -0.200200, 0.000000))
FPS:  58.18
VP mat4x4((0.974279, 0.000000, 0.000000, 0.000000), (0.000000, 1.732051, 0.000000, 0.000000), (0.000000, 0.000000, -1.002002, -1.000000), (0.000000, 0.000000, -0.200200, 0.000000))
FPS:  80.77
VP mat4x4((0.974279, 0.000000, 0.000000, 0.000000), (0.000000, 1.732051, 0.000000, 0.000000), (0.000000, 0.000000, -1.002002, -1.000000), (0.000000, 0.000000, -0.200200, 0.000000))
FPS:  49.96
VP mat4x4((0.974279, 0.000000, 0.000000, 0.000000), (0.000000, 1.732051, 0.000000, 0.000000), (0.000000, 0.000000, -1.002002, -1.000000), (0.000000, 0.000000, -0.200200, 0.000000))
FPS:  81.44
VP mat4x4((0.974279, 0.000000, 0.000000, 0.000000), (0.000000, 1.732051, 0.000000, 0.000000), (0.000000, 0.000000, -1.002002, -1.000000), (0.000000, 0.000000, -0.200200, 0.000000))
FPS:  48.14
VP mat4x4((0.974279, 0.000000, 0.000000, 0.000000), (0.000000, 1.732051, 0.000000, 0.000000), (0.000000, 0.000000, -1.002002, -1.000000), (0.000000, 0.000000, -0.200200, 0.000000))
FPS:  76.15
VP mat4x4((0.974279, 0.000000, 0.000000, 0.000000), (0.000000, 1.732051, 0.000000, 0.000000), (0.000000, 0.000000, -1.002002, -1.000000), (0.000000, 0.000000, -0.200200, 0.000000))
FPS:  59.59
VP mat4x4((0.974279, 0.000000, 0.000000, 0.000000), (0.000000, 1.732051, 0.000000, 0.000000), (0.000000, 0.000000, -1.002002, -1.000000), (0.000000, 0.000000, -0.200200, 0.000000))
FPS:  51.81
VP mat4x4((0.974279, 0.000000, 0.000000, 0.000000), (0.000000, 1.732051, 0.000000, 0.000000), (0.000000, 0.000000, -1.002002, -1.000000), (0.000000, 0.000000, -0.200200, 0.000000))
FPS:  47.40
VP mat4x4((0.974279, 0.000000, 0.000000, 0.000000), (0.000000, 1.732051, 0.000000, 0.000000), (0.000000, 0.000000, -1.002002, -1.000000), (0.000000, 0.000000, -0.200200, 0.000000))
FPS:  99.34
VP mat4x4((0.974279, 0.000000, 0.000000, 0.000000), (0.000000, 1.732051, 0.000000, 0.000000), (0.000000, 0.000000, -1.002002, -1.000000), (0.000000, 0.000000, -0.200200, 0.000000))
FPS:  55.78
VP mat4x4((0.974279, 0.000000, 0.000000, 0.000000), (0.000000, 1.732051, 0.000000, 0.000000), (0.000000, 0.000000, -1.002002, -1.000000), (0.000000, 0.000000, -0.200200, 0.000000))
FPS:  64.21
VP mat4x4((0.974279, 0.000000, 0.000000, 0.000000), (0.000000, 1.732051, 0.000000, 0.000000), (0.000000, 0.000000, -1.002002, -1.000000), (0.000000, 0.000000, -0.200200, 0.000000))
FPS:  49.61
VP mat4x4((0.974279, 0.000000, 0.000000, 0.000000), (0.000000, 1.732051, 0.000000, 0.000000), (0.000000, 0.000000, -1.002002, -1.000000), (0.000000, 0.000000, -0.200200, 0.000000))
FPS:  69.89
VP mat4x4((0.974279, 0.000000, 0.000000, 0.000000), (0.000000, 1.732051, 0.000000, 0.000000), (0.000000, 0.000000, -1.002002, -1.000000), (0.000000, 0.000000, -0.200200, 0.000000))
FPS:  59.64
VP mat4x4((0.974279, 0.000000, 0.000000, 0.000000), (0.000000, 1.732051, 0.000000, 0.000000), (0.000000, 0.000000, -1.002002, -1.000000), (0.000000, 0.000000, -0.200200, 0.000000))
FPS:  69.75
VP mat4x4((0.974279, 0.000000, 0.000000, 0.000000), (0.000000, 1.732051, 0.000000, 0.000000), (0.000000, 0.000000, -1.002002, -1.000000), (0.000000, 0.000000, -0.200200, 0.000000))
FPS:  52.87
VP mat4x4((0.974279, 0.000000, 0.000000, 0.000000), (0.000000, 1.732051, 0.000000, 0.000000), (0.000000, 0.000000, -1.002002, -1.000000), (0.000000, 0.000000, -0.200200, 0.000000))
FPS:  55.39
VP mat4x4((0.974279, 0.000000, 0.000000, 0.000000), (0.000000, 1.732051, 0.000000, 0.000000), (0.000000, 0.000000, -1.002002, -1.000000), (0.000000, 0.000000, -0.200200, 0.000000))
FPS:  63.95
VP mat4x4((0.974279, 0.000000, 0.000000, 0.000000), (0.000000, 1.732051, 0.000000, 0.000000), (0.000000, 0.000000, -1.002002, -1.000000), (0.000000, 0.000000, -0.200200, 0.000000))
FPS:  67.19
VP mat4x4((0.974279, 0.000000, 0.000000, 0.000000), (0.000000, 1.732051, 0.000000, 0.000000), (0.000000, 0.000000, -1.002002, -1.000000), (0.000000, 0.000000, -0.200200, 0.000000))
FPS:  52.31
VP mat4x4((0.974279, 0.000000, 0.000000, 0.000000), (0.000000, 1.732051, 0.000000, 0.000000), (0.000000, 0.000000, -1.002002, -1.000000), (0.000000, 0.000000, -0.200200, 0.000000))
FPS:  64.05
VP mat4x4((0.974279, 0.000000, 0.000000, 0.000000), (0.000000, 1.732051, 0.000000, 0.000000), (0.000000, 0.000000, -1.002002, -1.000000), (0.000000, 0.000000, -0.200200, 0.000000))
FPS:  57.19
VP mat4x4((0.974279, 0.000000, 0.000000, 0.000000), (0.000000, 1.732051, 0.000000, 0.000000), (0.000000, 0.000000, -1.002002, -1.000000), (0.000000, 0.000000, -0.200200, 0.000000))
FPS:  77.34
VP mat4x4((0.974279, 0.000000, 0.000000, 0.000000), (0.000000, 1.732051, 0.000000, 0.000000), (0.000000, 0.000000, -1.002002, -1.000000), (0.000000, 0.000000, -0.200200, 0.000000))
FPS:  47.75
VP mat4x4((0.974279, 0.000000, 0.000000, 0.000000), (0.000000, 1.732051, 0.000000, 0.000000), (0.000000, 0.000000, -1.002002, -1.000000), (0.000000, 0.000000, -0.200200, 0.000000))
FPS:  53.54
VP mat4x4((0.974279, 0.000000, 0.000000, 0.000000), (0.000000, 1.732051, 0.000000, 0.000000), (0.000000, 0.000000, -1.002002, -1.000000), (0.000000, 0.000000, -0.200200, 0.000000))
FPS:  85.30
VP mat4x4((0.974279, 0.000000, 0.000000, 0.000000), (0.000000, 1.732051, 0.000000, 0.000000), (0.000000, 0.000000, -1.002002, -1.000000), (0.000000, 0.000000, -0.200200, 0.000000))
FPS:  64.04
VP mat4x4((0.974279, 0.000000, 0.000000, 0.000000), (0.000000, 1.732051, 0.000000, 0.000000), (0.000000, 0.000000, -1.002002, -1.000000), (0.000000, 0.000000, -0.200200, 0.000000))
FPS:  45.81
VP mat4x4((0.974279, 0.000000, 0.000000, 0.000000), (0.000000, 1.732051, 0.000000, 0.000000), (0.000000, 0.000000, -1.002002, -1.000000), (0.000000, 0.000000, -0.200200, 0.000000))
FPS:  55.63
VP mat4x4((0.974279, 0.000000, 0.000000, 0.000000), (0.000000, 1.732051, 0.000000, 0.000000), (0.000000, 0.000000, -1.002002, -1.000000), (0.000000, 0.000000, -0.200200, 0.000000))
FPS: 102.85
VP mat4x4((0.974279, 0.000000, 0.000000, 0.000000), (0.000000, 1.732051, 0.000000, 0.000000), (0.000000, 0.000000, -1.002002, -1.000000), (0.000000, 0.000000, -0.200200, 0.000000))
FPS:  57.97
VP mat4x4((0.974279, 0.000000, 0.000000, 0.000000), (0.000000, 1.732051, 0.000000, 0.000000), (0.000000, 0.000000, -1.002002, -1.000000), (0.000000, 0.000000, -0.200200, 0.000000))
FPS:  46.07
VP mat4x4((0.974279, 0.000000, 0.000000, 0.000000), (0.000000, 1.732051, 0.000000, 0.000000), (0.000000, 0.000000, -1.002002, -1.000000), (0.000000, 0.000000, -0.200200, 0.000000))
FPS:  54.01
VP mat4x4((0.974279, 0.000000, 0.000000, 0.000000), (0.000000, 1.732051, 0.000000, 0.000000), (0.000000, 0.000000, -1.002002, -1.000000), (0.000000, 0.000000, -0.200200, 0.000000))
FPS: 116.29
VP mat4x4((0.974279, 0.000000, 0.000000, 0.000000), (0.000000, 1.732051, 0.000000, 0.000000), (0.000000, 0.000000, -1.002002, -1.000000), (0.000000, 0.000000, -0.200200, 0.000000))
FPS:  58.58
VP mat4x4((0.974279, 0.000000, 0.000000, 0.000000), (0.000000, 1.732051, 0.000000, 0.000000), (0.000000, 0.000000, -1.002002, -1.000000), (0.000000, 0.000000, -0.200200, 0.000000))
FPS:  39.29
VP mat4x4((0.974279, 0.000000, 0.000000, 0.000000), (0.000000, 1.732051, 0.000000, 0.000000), (0.000000, 0.000000, -1.002002, -1.000000), (0.000000, 0.000000, -0.200200, 0.000000))
FPS:  72.82
VP mat4x4((0.974279, 0.000000, 0.000000, 0.000000), (0.000000, 1.732051, 0.000000, 0.000000), (0.000000, 0.000000, -1.002002, -1.000000), (0.000000, 0.000000, -0.200200, 0.000000))
FPS:  85.69
VP mat4x4((0.974279, 0.000000, 0.000000, 0.000000), (0.000000, 1.732051, 0.000000, 0.000000), (0.000000, 0.000000, -1.002002, -1.000000), (0.000000, 0.000000, -0.200200, 0.000000))
FPS:  51.69
VP mat4x4((0.974279, 0.000000, 0.000000, 0.000000), (0.000000, 1.732051, 0.000000, 0.000000), (0.000000, 0.000000, -1.002002, -1.000000), (0.000000, 0.000000, -0.200200, 0.000000))
FPS:  64.28
VP mat4x4((0.974279, 0.000000, 0.000000, 0.000000), (0.000000, 1.732051, 0.000000, 0.000000), (0.000000, 0.000000, -1.002002, -1.000000), (0.000000, 0.000000, -0.200200, 0.000000))
FPS:  50.50
VP mat4x4((0.974279, 0.000000, 0.000000, 0.000000), (0.000000, 1.732051, 0.000000, 0.000000), (0.000000, 0.000000, -1.002002, -1.000000), (0.000000, 0.000000, -0.200200, 0.000000))
FPS:  74.98
VP mat4x4((0.974279, 0.000000, 0.000000, 0.000000), (0.000000, 1.732051, 0.000000, 0.000000), (0.000000, 0.000000, -1.002002, -1.000000), (0.000000, 0.000000, -0.200200, 0.000000))
FPS:  52.19
VP mat4x4((0.974279, 0.000000, 0.000000, 0.000000), (0.000000, 1.732051, 0.000000, 0.000000), (0.000000, 0.000000, -1.002002, -1.000000), (0.000000, 0.000000, -0.200200, 0.000000))
FPS:  71.19
VP mat4x4((0.974279, 0.000000, 0.000000, 0.000000), (0.000000, 1.732051, 0.000000, 0.000000), (0.000000, 0.000000, -1.002002, -1.000000), (0.000000, 0.000000, -0.200200, 0.000000))
FPS:  53.18
VP mat4x4((0.974279, 0.000000, 0.000000, 0.000000), (0.000000, 1.732051, 0.000000, 0.000000), (0.000000, 0.000000, -1.002002, -1.000000), (0.000000, 0.000000, -0.200200, 0.000000))
FPS:  67.52
VP mat4x4((0.974279, 0.000000, 0.000000, 0.000000), (0.000000, 1.732051, 0.000000, 0.000000), (0.000000, 0.000000, -1.002002, -1.000000), (0.000000, 0.000000, -0.200200, 0.000000))
FPS:  56.91
VP mat4x4((0.974279, 0.000000, 0.000000, 0.000000), (0.000000, 1.732051, 0.000000, 0.000000), (0.000000, 0.000000, -1.002002, -1.000000), (0.000000, 0.000000, -0.200200, 0.000000))
FPS:  61.26
VP mat4x4((0.974279, 0.000000, 0.000000, 0.000000), (0.000000, 1.732051, 0.000000, 0.000000), (0.000000, 0.000000, -1.002002, -1.000000), (0.000000, 0.000000, -0.200200, 0.000000))
FPS:  52.88
Destroying window: 1
